4294967279,337
4294967279,336
4294967279,117
4294967279,116
4294967279,115
4294967279,114
4294967279,113
4294967279,112
4294967279,111
4294967279,110
4294967279,109
4294967279,108
4294967279,107
4294967278,525
4294967294,437
4294967279,304
4294967279,303
4294967294,388
4294967278,524
4294967279,302
4294967278,523
4294967279,335
4294967279,190
4294967278,522
4294967279,189
4294967279,334
4294967294,89
4294967279,188
4294967279,187
4294967279,186
18,8
18,7
4294967279,185
18,6
18,5
4294967279,184
18,4
18,3
18,2
18,1
4294967278,521
4294967279,183
4294967294,392
4294967294,390
4294967294,114
4294967279,106
4294967279,105
4294967279,104
4294967279,103
4294967279,102
4294967279,101
4294967279,100
4294967279,99
4294967279,98
4294967279,97
4294967279,96
4294967279,95
4294967279,94
4294967279,93
4294967279,92
4294967279,288
13,5
6,5
4294967278,520
13,4
4294967278,113
4294967278,112
4294967278,107
4294967278,106
4294967278,105
4294967278,104
4294967278,103
4294967278,102
4294967278,101
4294967278,100
4294967278,99
4294967278,98
4294967278,97
4294967278,95
4294967278,94
4294967278,93
4294967278,92
4294967278,91
4294967278,87
4294967278,86
4294967278,85
4294967279,91
4294967279,90
4294967279,89
4294967279,333
4294967279,299
4294967279,332
4294967278,519
4294967279,297
4294967279,175
4294967279,173
4294967279,0
4294967279,172
12,4
4294967279,170
4294967279,166
17,8
4294967279,169
17,7
17,6
4294967279,168
17,5
17,4
4294967279,167
17,2
17,1
4294967279,294
4294967294,8
4294967294,5
4294967294,900
4294967294,107
4294967294,387
4294967279,165
4294967294,90
4294967294,86
4294967294,85
4294967294,53
4294967294,427
4294967294,44
4294967294,38
4294967294,37
4294967279,293
4294967294,42
4294967294,99
4294967294,92
4294967294,88
4294967294,421
4294967294,80
4294967294,40
4294967294,424
4294967294,43
4294967294,417
4294967294,18
4294967294,14
4294967294,20
4294967294,12
4294967294,185
4294967294,176
4294967294,173
4294967294,170
4294967294,969
4294967294,190
4294967294,162
4294967294,966
4294967294,1412
4294967278,132
4294967278,131
4294967278,130
4294967278,129
4294967278,128
4294967278,127
4294967278,126
4294967278,125
4294967278,124
4294967278,123
4294967278,122
4294967278,121
4294967278,120
4294967278,119
4294967278,118
4294967278,117
4294967278,116
4294967278,115
4294967278,114
4294967278,111
4294967278,110
4294967278,109
4294967278,108
4294967278,96
4294967278,90
4294967278,89
4294967278,88
4294967279,87
4294967279,86
4294967279,85
4294967279,84
4294967279,83
4294967279,82
4294967279,81
4294967279,80
4294967279,79
4294967279,78
4294967279,77
4294967279,76
4294967279,75
4294967279,74
4294967279,73
4294967279,72
4294967279,71
4294967279,70
4294967279,69
4294967279,68
4294967279,67
4294967279,66
4294967279,65
4294967279,64
4294967279,63
4294967279,62
4294967279,61
4294967279,60
4294967279,59
4294967279,58
4294967279,57
4294967279,56
4294967279,55
4294967279,54
4294967279,53
4294967279,50
4294967279,47
4294967279,45
4294967279,44
4294967279,43
4294967279,42
4294967279,41
4294967279,40
4294967279,39
4294967279,33
4294967279,31
4294967279,30
4294967279,29
4294967279,28
4294967279,27
4294967279,26
4294967279,24
4294967279,23
4294967279,22
4294967279,21
4294967279,20
4294967279,278
4294967279,19
4294967279,18
4294967279,17
4294967279,16
4294967279,15
4294967279,14
4294967279,13
4294967279,12
4294967279,11
4294967279,10
4294967279,9
4294967279,8
4294967279,7
4294967279,6
4294967279,5
4294967279,4
4294967279,52
4294967294,7
4294967279,292
4294967294,428
4294967279,51
4294967279,291
4294967278,518
4294967279,331
4294967279,49
4294967279,48
4294967279,289
4294967278,517
4294967279,159
4294967294,413
4294967279,158
4294967279,330
4294967279,46
4294967278,516
4294967279,157
10,4
4294967279,154
16,7
4294967279,153
16,6
16,5
4294967279,152
16,4
16,3
16,2
16,1
4294967279,151
4294967278,515
4294967279,329
4294967279,38
4294967294,61
4294967294,30
4294967294,97
4294967294,127
4294967294,126
4294967294,13
4294967294,182
4294967294,163
4294967294,68
